     1          740      740    0 Init             1   23    0               00 
     1          464      464    1 Null             0    1    3               00 
     1         2192     2192    2 OpenRead         0    6    0 12            00 
     1          616      616    3 OpenRead         1    5    0 5             00 
     1         8762     8762    4 Rewind           0   19    0               00 
29999810   4618030744      153    5 Column           0   11    4               00 
29999810    607994398       20    6 Lt               6   18    4 BINARY-8      54 
27273158    624139528       22    7 Gt               7   18    4 BINARY-8      54 
8181061    156706890       19    8 Column           0    8    4               00 
8181061    233633300       28    9 Ge               8   18    4 BINARY-8      54 
3925700     77109140       19   10 Column           0    5    9               00 
3925700   1397810216      356   11 SeekRowid        1   18    9               00 
3925700    247289072       62   12 Column           1    4    4               00 
3925700    111249868       28   13 Ne              10   18    4 BINARY-8      54 
595746     11075438       18   14 Column           0    9    5               00 
595746     17339294       29   15 Column           0   11   11               00 
595746     11770152       19   16 Multiply        11    5    4               00 
595746     11884952       19   17 AggStep1         0    4    1 sum(1)        01 
29999810    617530048       20   18 Next             0    5    0               01 
     1         1328     1328   19 AggFinal         1    1    0 sum(1)        00 
     1         1328     1328   20 Copy             1   12    0               00 
     0            0        0   21 ResultRow       12    1    0               00 
     0            0        0   22 Halt             0    0    0               00 
     1       111818   111818   23 Transaction      0    0    6 0             01 
     1          500      500   24 Integer          1    6    0               00 
     1          146      146   25 Integer          3    7    0               00 
     1           66       66   26 Integer         25    8    0               00 
     1           68       68   27 Integer       1993   10    0               00 
     1          226      226   28 Goto             0    1    0               00
