     1          740      740    0 Init             1   24    0               00 
     1          556      556    1 Null             0    1    3               00 
     1         2804     2804    2 OpenRead         0    6    0 12            00 
     1          518      518    3 OpenRead         1    5    0 6             00 
     1         7568     7568    4 Rewind           0   20    0               00 
29999810   4493733084      149    5 Column           0   11    4               00 
29999810    753867646       25    6 Lt               6   19    4 BINARY-8      54 
19092097    480477644       25    7 Gt               7   19    4 BINARY-8      54 
8181896    156523194       19    8 Column           0    8    4               00 
8181896    235284446       28    9 Lt               8   19    4 BINARY-8      54 
4091990    102155242       24   10 Gt               9   19    4 BINARY-8      54 
1636207     30948178       18   11 Column           0    5   10               00 
1636207    676597680      413   12 SeekRowid        1   19   10               00 
1636207    115670410       70   13 Column           1    5    4               00 
1636207     42638340       26   14 Ne              11   19    4 BINARY-8      54 
 21202       392962       18   15 Column           0    9    5               00 
 21202       392874       18   16 Column           0   11   12               00 
 21202       400712       18   17 Multiply        12    5    4               00 
 21202       437074       20   18 AggStep1         0    4    1 sum(1)        01 
29999810    617700838       20   19 Next             0    5    0               01 
     1         1068     1068   20 AggFinal         1    1    0 sum(1)        00 
     1          664      664   21 Copy             1   13    0               00 
     0            0        0   22 ResultRow       13    1    0               00 
     0            0        0   23 Halt             0    0    0               00 
     1       108604   108604   24 Transaction      0    0    6 0             01 
     1          668      668   25 Integer          4    6    0               00 
     1           74       74   26 Integer          6    7    0               00 
     1           68       68   27 Integer         26    8    0               00 
     1           66       66   28 Integer         35    9    0               00 
     1           68       68   29 Integer       199401   11    0               00 
     1          232      232   30 Goto             0    1    0               00
