     1          764      764    0 Init             1   26    0               00 
     1          550      550    1 Null             0    1    3               00 
     1         1760     1760    2 OpenRead         0    6    0 12            00 
     1          592      592    3 OpenRead         1    5    0 12            00 
     1         7018     7018    4 Rewind           0   22    0               00 
29999810   4515234004      150    5 Column           0   11    4               00 
29999810    811257166       27    6 Lt               6   21    4 BINARY-8      54 
16364521    427167208       26    7 Gt               7   21    4 BINARY-8      54 
8182849    169246822       20    8 Column           0    8    4               00 
8182849    209626734       25    9 Lt               8   21    4 BINARY-8      54 
2456807     57837024       23   10 Gt               9   21    4 BINARY-8      54 
819552     15611518       19   11 Column           0    5   10               00 
819552    365365740      445   12 SeekRowid        1   21   10               00 
819552     78679858       96   13 Column           1   11    4               00 
819552     20512618       25   14 Ne              11   21    4 BINARY-8      54 
 16635       701488       42   15 Column           1    4    4               00 
 16635       513242       30   16 Ne              12   21    4 BINARY-8      54 
  2374        44240       18   17 Column           0    9    5               00 
  2374        44256       18   18 Column           0   11   13               00 
  2374        55196       23   19 Multiply        13    5    4               00 
  2374        57886       24   20 AggStep1         0    4    1 sum(1)        01 
29999810    618620452       20   21 Next             0    5    0               01 
     1          996      996   22 AggFinal         1    1    0 sum(1)        00 
     1          694      694   23 Copy             1   14    0               00 
     0            0        0   24 ResultRow       14    1    0               00 
     0            0        0   25 Halt             0    0    0               00 
     1       106718   106718   26 Transaction      0    0    6 0             01 
     1          706      706   27 Integer          5    6    0               00 
     1          150      150   28 Integer          7    7    0               00 
     1           64       64   29 Integer         36    8    0               00 
     1           66       66   30 Integer         40    9    0               00 
     1           64       64   31 Integer          6   11    0               00 
     1           66       66   32 Integer       1994   12    0               00 
     1          376      376   33 Goto             0    1    0               00
