     1          750      750    0 Init             1   59    0               00 
     1           92       92    1 Noop             4    6    0               00 
     1         5744     5744    2 SorterOpen       5    3    0 k(2,B,B)      00 
     1          264      264    3 Integer          0    6    0               00 
     1          196      196    4 Null             0    9   10               00 
     1          582      582    5 Gosub            8   55    0               00 
     1         1320     1320    6 OpenRead         0    6    0 13            00 
     1          608      608    7 OpenRead         3    3    0 6             00 
     1          468      468    8 OpenRead         1    5    0 5             00 
     1          440      440    9 OpenRead         2    2    0 5             00 
     1         6544     6544   10 Rewind           0   27    0               00 
29999810   5508202920      183   11 Column           0    4   13               00 
29999810  15289508108      509   12 SeekRowid        3   26   13               00 
29999810   2514481928       83   13 Column           3    5   14               00 
29999810   1434284182       47   14 Ne              15   26   14 BINARY-8      52 
6110928    188828862       30   15 Column           0    5   16               00 
6110928   2366940558      387   16 SeekRowid        1   26   16               00 
6110928    137432262       22   17 Column           0    3   17               00 
6110928   9115861984     1491   18 SeekRowid        2   26   17               00 
6110928    450800672       73   19 Column           2    3   14               00 
6110928    268454720       43   20 Ne              18   26   14 BINARY-8      52 
248554     23542628       94   21 Column           1    4   19               00 
248554     15881156       63   22 Column           2    4   20               00 
248554     13693550       55   23 Column           0   12   21               00 
248554     20990232       84   24 MakeRecord      19    3   14               00 
248554      7232690       29   25 SorterInsert     5   14    0               00 
29999810    632275254       21   26 Next             0   11    0               01 
     1         1374     1374   27 OpenPseudo       6   14    3               00 
     1    318363406 318363406   28 SorterSort       5   58    0               00 
248554      4930510       19   29 SorterData       5   14    6               00 
248554      9773046       39   30 Column           6    0   11               00 
248554     10298552       41   31 Column           6    1   12               00 
248554     12232566       49   32 Compare          9   11    2 k(2,B,B)      00 
248554      4881370       19   33 Jump            34   38   34               00 
   280        10752       38   34 Move            11    9    2               00 
   280         5820       20   35 Gosub            7   49    0               00 
   280         5586       19   36 IfPos            6   58    0               00 
   280         5586       19   37 Gosub            8   55    0               00 
248554      9353212       37   38 Column           6    2   22               00 
248554      5268800       21   39 AggStep1         0   22    1 sum(1)        01 
248554      4896806       19   40 If               5   43    0               00 
   280         6272       22   41 Column           6    0    2               00 
   280        12268       43   42 Column           6    1    3               00 
248554      4880010       19   43 Integer          1    5    0               00 
248554      4895662       19   44 SorterNext       5   29    0               00 
     1           36       36   45 Gosub            7   49    0               00 
     1           34       34   46 Goto             0   58    0               00 
     0            0        0   47 Integer          1    6    0               00 
     0            0        0   48 Return           7    0    0               00 
   281         6316       22   49 IfPos            5   51    0               00 
     1          274      274   50 Return           7    0    0               00 
   280        17338       61   51 AggFinal         1    1    0 sum(1)        00 
   280        29830      106   52 Copy             1   23    2               00 
     0            0        0   53 ResultRow       23    3    0               00 
   280        10898       38   54 Return           7    0    0               00 
   281         6776       24   55 Null             0    1    4               00 
   281         5890       20   56 Integer          0    5    0               00 
   281         5966       21   57 Return           8    0    0               00 
     0            0        0   58 Halt             0    0    0               00 
     1       108140   108140   59 Transaction      0    0    6 0             01 
     1         1440     1440   60 String           7   15    0 AMERICA       00 
     1          230      230   61 String           7   18    0 MFGR#12       00 
     1          376      376   62 Goto             0    1    0               00
