     1          740      740    0 Init             1   60    0               00 
     1          116      116    1 Noop             4    6    0               00 
     1         6220     6220    2 SorterOpen       5    3    0 k(2,B,B)      00 
     1          286      286    3 Integer          0    6    0               00 
     1          188      188    4 Null             0    9   10               00 
     1          482      482    5 Gosub            8   56    0               00 
     1         1650     1650    6 OpenRead         0    6    0 13            00 
     1          600      600    7 OpenRead         3    3    0 6             00 
     1          468      468    8 OpenRead         1    5    0 5             00 
     1          422      422    9 OpenRead         2    2    0 5             00 
     1         9328     9328   10 Rewind           0   28    0               00 
29999810   5479488280      182   11 Column           0    4   13               00 
29999810  15227127146      507   12 SeekRowid        3   27   13               00 
29999810   2569006160       85   13 Column           3    5   14               00 
29999810   1530822194       51   14 Ne              15   27   14 BINARY-8      52 
6010822    184447130       30   15 Column           0    5   16               00 
6010822   2317894758      385   16 SeekRowid        1   27   16               00 
6010822    131664952       21   17 Column           0    3   17               00 
6010822   8976706584     1493   18 SeekRowid        2   27   17               00 
6010822    467072394       77   19 Column           2    4   14               00 
6010822    364724098       60   20 Lt              19   27   14 BINARY-8      52 
4490126    170571954       37   21 Gt              20   27   14 BINARY-8      52 
 47381      3481666       73   22 Column           1    4   21               00 
 47381      2377348       50   23 Column           2    4   22               00 
 47381      2758722       58   24 Column           0   12   23               00 
 47381      4779076      100   25 MakeRecord      21    3   14               00 
 47381      1797878       37   26 SorterInsert     5   14    0               00 
29999810    638369058       21   27 Next             0   11    0               01 
     1         1390     1390   28 OpenPseudo       6   14    3               00 
     1     46686814 46686814   29 SorterSort       5   59    0               00 
 47381       978284       20   30 SorterData       5   14    6               00 
 47381      1899384       40   31 Column           6    0   11               00 
 47381      2005372       42   32 Column           6    1   12               00 
 47381      2331964       49   33 Compare          9   11    2 k(2,B,B)      00 
 47381       932624       19   34 Jump            35   39   35               00 
    56         3074       54   35 Move            11    9    2               00 
    56         1266       22   36 Gosub            7   50    0               00 
    56         1184       21   37 IfPos            6   59    0               00 
    56         1148       20   38 Gosub            8   56    0               00 
 47381      1823816       38   39 Column           6    2   18               00 
 47381      1033736       21   40 AggStep1         0   18    1 sum(1)        01 
 47381       972722       20   41 If               5   44    0               00 
    56         1318       23   42 Column           6    0    2               00 
    56         2882       51   43 Column           6    1    3               00 
 47381       932612       19   44 Integer          1    5    0               00 
 47381       935262       19   45 SorterNext       5   30    0               00 
     1           36       36   46 Gosub            7   50    0               00 
     1           38       38   47 Goto             0   59    0               00 
     0            0        0   48 Integer          1    6    0               00 
     0            0        0   49 Return           7    0    0               00 
    57         1688       29   50 IfPos            5   52    0               00 
     1          230      230   51 Return           7    0    0               00 
    56         4374       78   52 AggFinal         1    1    0 sum(1)        00 
    56         6988      124   53 Copy             1   24    2               00 
     0            0        0   54 ResultRow       24    3    0               00 
    56         1956       34   55 Return           7    0    0               00 
    57         2138       37   56 Null             0    1    4               00 
    57         1300       22   57 Integer          0    5    0               00 
    57         1386       24   58 Return           8    0    0               00 
     0            0        0   59 Halt             0    0    0               00 
     1       122212   122212   60 Transaction      0    0    6 0             01 
     1         1400     1400   61 String           4   15    0 ASIA          00 
     1          230      230   62 String           9   19    0 MFGR#2221     00 
     1           76       76   63 String           9   20    0 MFGR#2228     00 
     1          252      252   64 Goto             0    1    0               00
