     1          728      728    0 Init             1   59    0               00 
     1           96       96    1 Noop             4    6    0               00 
     1         6160     6160    2 SorterOpen       5    3    0 k(2,B,B)      00 
     1          444      444    3 Integer          0    6    0               00 
     1          188      188    4 Null             0    9   10               00 
     1          478      478    5 Gosub            8   55    0               00 
     1         1542     1542    6 OpenRead         0    6    0 13            00 
     1          646      646    7 OpenRead         3    3    0 6             00 
     1          448      448    8 OpenRead         1    5    0 5             00 
     1          356      356    9 OpenRead         2    2    0 5             00 
     1         8406     8406   10 Rewind           0   27    0               00 
29999810   5464202544      182   11 Column           0    4   13               00 
29999810  15226330150      507   12 SeekRowid        3   26   13               00 
29999810   2587915014       86   13 Column           3    5   14               00 
29999810   1394116722       46   14 Ne              15   26   14 BINARY-8      52 
5957277    184147476       30   15 Column           0    5   16               00 
5957277   2337187752      392   16 SeekRowid        1   26   16               00 
5957277    130616096       21   17 Column           0    3   17               00 
5957277   8899152378     1493   18 SeekRowid        2   26   17               00 
5957277    470763522       79   19 Column           2    4   14               00 
5957277    366480898       61   20 Ne              18   26   14 BINARY-8      52 
  5891       423678       71   21 Column           1    4   19               00 
  5891       296306       50   22 Column           2    4   20               00 
  5891       346338       58   23 Column           0   12   21               00 
  5891       928224      157   24 MakeRecord      19    3   14               00 
  5891       499180       84   25 SorterInsert     5   14    0               00 
29999810    634217502       21   26 Next             0   11    0               01 
     1         1374     1374   27 OpenPseudo       6   14    3               00 
     1      2734692  2734692   28 SorterSort       5   58    0               00 
  5891       116818       19   29 SorterData       5   14    6               00 
  5891       233698       39   30 Column           6    0   11               00 
  5891       249074       42   31 Column           6    1   12               00 
  5891       290988       49   32 Compare          9   11    2 k(2,B,B)      00 
  5891       114116       19   33 Jump            34   38   34               00 
     7         1630      232   34 Move            11    9    2               00 
     7          188       26   35 Gosub            7   49    0               00 
     7          238       34   36 IfPos            6   58    0               00 
     7          178       25   37 Gosub            8   55    0               00 
  5891       255610       43   38 Column           6    2   22               00 
  5891       128566       21   39 AggStep1         0   22    1 sum(1)        01 
  5891       114992       19   40 If               5   43    0               00 
     7          356       50   41 Column           6    0    2               00 
     7          544       77   42 Column           6    1    3               00 
  5891       113830       19   43 Integer          1    5    0               00 
  5891       115608       19   44 SorterNext       5   29    0               00 
     1           44       44   45 Gosub            7   49    0               00 
     1           60       60   46 Goto             0   58    0               00 
     0            0        0   47 Integer          1    6    0               00 
     0            0        0   48 Return           7    0    0               00 
     8          764       95   49 IfPos            5   51    0               00 
     1          230      230   50 Return           7    0    0               00 
     7         1904      272   51 AggFinal         1    1    0 sum(1)        00 
     7         1974      282   52 Copy             1   23    2               00 
     0            0        0   53 ResultRow       23    3    0               00 
     7          350       50   54 Return           7    0    0               00 
     8         1874      234   55 Null             0    1    4               00 
     8          342       42   56 Integer          0    5    0               00 
     8          510       63   57 Return           8    0    0               00 
     0            0        0   58 Halt             0    0    0               00 
     1       156698   156698   59 Transaction      0    0    6 0             01 
     1         1648     1648   60 String           6   15    0 EUROPE        00 
     1          232      232   61 String           9   18    0 MFGR#2221     00 
     1          382      382   62 Goto             0    1    0               00
