     1          824      824    0 Init             1   77    0               00 
     1         5930     5930    1 SorterOpen       4    7    0 k(2,B,-B)     00 
     1         2310     2310    2 SorterOpen       5    4    0 k(3,B,B,B)    00 
     1          162      162    3 Integer          0    7    0               00 
     1          284      284    4 Null             0   10   12               00 
     1          550      550    5 Gosub            9   64    0               00 
     1         1614     1614    6 OpenRead         1    6    0 13            00 
     1          560      560    7 OpenRead         0    4    0 6             00 
     1          540      540    8 OpenRead         2    3    0 6             00 
     1          352      352    9 OpenRead         3    5    0 5             00 
     1         8484     8484   10 Rewind           1   32    0               00 
29999810   4667901522      155   11 Column           1    2   16               00 
29999810   8549465866      284   12 SeekRowid        0   31   16               00 
29999810   2197196856       73   13 Column           0    5   17               00 
29999810   1361943314       45   14 Ne              18   31   17 BINARY-8      52 
6022460    204712278       33   15 Column           1    4   19               00 
6022460   3519770358      584   16 SeekRowid        2   31   19               00 
6022460    519835880       86   17 Column           2    5   17               00 
6022460    301908786       50   18 Ne              18   31   17 BINARY-8      52 
1207667     49745648       41   19 Column           1    5   20               00 
1207667    562829258      466   20 SeekRowid        3   31   20               00 
1207667     78416852       64   21 Column           3    4   17               00 
1207667     26736832       22   22 Lt              21   31   17 BINARY-8      54 
1207667     23165980       19   23 Column           3    4   17               00 
1207667     29083226       24   24 Gt              22   31   17 BINARY-8      54 
1100175     35428172       32   25 Column           0    4   23               00 
1100175     34506246       31   26 Column           2    4   24               00 
1100175     20837972       18   27 Column           3    4   25               00 
1100175     64898868       58   28 Column           1   12   26               00 
1100175    100494824       91   29 MakeRecord      23    4   17               00 
1100175    126474894      114   30 SorterInsert     5   17    0               00 
29999810    638490454       21   31 Next             1   11    0               01 
     1         2156     2156   32 OpenPseudo       6   17    4               00 
     1   2452405518 2452405518   33 SorterSort       5   67    0               00 
1100175     20587766       18   34 SorterData       5   17    6               00 
1100175     46817744       42   35 Column           6    0   13               00 
1100175     41308404       37   36 Column           6    1   14               00 
1100175     32434770       29   37 Column           6    2   15               00 
1100175     79517754       72   38 Compare         10   13    3 k(3,B,B,B)    00 
1100175     20224786       18   39 Jump            40   44   40               00 
   150        16106      107   40 Move            13   10    3               00 
   150         4950       33   41 Gosub            8   56    0               00 
   150         2814       18   42 IfPos            7   67    0               00 
   150         2794       18   43 Gosub            9   64    0               00 
1100175     38206456       34   44 Column           6    3   27               00 
1100175     21667850       19   45 AggStep1         0   27    4 sum(1)        01 
1100175     20357284       18   46 If               6   50    0               00 
   150         4214       28   47 Column           6    0    1               00 
   150         6806       45   48 Column           6    1    2               00 
   150         3262       21   49 Column           6    2    3               00 
1100175     20216990       18   50 Integer          1    6    0               00 
1100175     20350498       18   51 SorterNext       5   34    0               00 
     1           88       88   52 Gosub            8   56    0               00 
     1           30       30   53 Goto             0   67    0               00 
     0            0        0   54 Integer          1    7    0               00 
     0            0        0   55 Return           8    0    0               00 
   151         3682       24   56 IfPos            6   58    0               00 
     1          254      254   57 Return           8    0    0               00 
   150        23862      159   58 AggFinal         4    1    0 sum(1)        00 
   150        23834      158   59 Copy             1   30    1               00 
   150         6518       43   60 Copy             3   28    1               00 
   150        25656      171   61 MakeRecord      28    4   34               00 
   150        17780      118   62 SorterInsert     4   34   28 4             00 
   150         3038       20   63 Return           8    0    0               00 
   151         4188       27   64 Null             0    1    5               00 
   151         3100       20   65 Integer          0    6    0               00 
   151         3048       20   66 Return           9    0    0               00 
     1         1254     1254   67 OpenPseudo       7   35    7               00 
     1        54978    54978   68 SorterSort       4   76    0               00 
   150         4248       28   69 SorterData       4   35    7               00 
   150        10708       71   70 Column           7    1   33               00 
   150         4452       29   71 Column           7    0   32               00 
   150        10000       66   72 Column           7    3   31               00 
   150         5894       39   73 Column           7    2   30               00 
     0            0        0   74 ResultRow       30    4    0               00 
   150         6128       40   75 SorterNext       4   69    0               00 
     0            0        0   76 Halt             0    0    0               00 
     1       113952   113952   77 Transaction      0    0    6 0             01 
     1         1128     1128   78 String           4   18    0 ASIA          00 
     1          624      624   79 Integer       1992   21    0               00 
     1           66       66   80 Integer       1997   22    0               00 
     1          266      266   81 Goto             0    1    0               00
