     1         1016     1016    0 Init             1   77    0               00 
     1         5616     5616    1 SorterOpen       4    7    0 k(2,B,-B)     00 
     1         1396     1396    2 SorterOpen       5    4    0 k(3,B,B,B)    00 
     1          148      148    3 Integer          0    7    0               00 
     1          276      276    4 Null             0   10   12               00 
     1          502      502    5 Gosub            9   64    0               00 
     1         1460     1460    6 OpenRead         1    6    0 13            00 
     1          486      486    7 OpenRead         0    4    0 5             00 
     1          556      556    8 OpenRead         2    3    0 5             00 
     1          344      344    9 OpenRead         3    5    0 5             00 
     1         9100     9100   10 Rewind           1   32    0               00 
29999810   4449537858      148   11 Column           1    2   16               00 
29999810   8272125984      275   12 SeekRowid        0   31   16               00 
29999810   2087284936       69   13 Column           0    4   17               00 
29999810   1192630052       39   14 Ne              18   31   17 BINARY-8      52 
1197451     40663652       33   15 Column           1    4   19               00 
1197451    854864502      713   16 SeekRowid        2   31   19               00 
1197451     99552916       83   17 Column           2    4   17               00 
1197451     49587222       41   18 Ne              18   31   17 BINARY-8      52 
 47036      2838350       60   19 Column           1    5   20               00 
 47036     50237086     1068   20 SeekRowid        3   31   20               00 
 47036      3781858       80   21 Column           3    4   17               00 
 47036      1160522       24   22 Lt              21   31   17 BINARY-8      54 
 47036       920110       19   23 Column           3    4   17               00 
 47036      1298020       27   24 Gt              22   31   17 BINARY-8      54 
 42843      1045720       24   25 Column           0    3   23               00 
 42843      1020122       23   26 Column           2    3   24               00 
 42843       821284       19   27 Column           3    4   25               00 
 42843      2551140       59   28 Column           1   12   26               00 
 42843      5122298      119   29 MakeRecord      23    4   17               00 
 42843      1669416       38   30 SorterInsert     5   17    0               00 
29999810    633289150       21   31 Next             1   11    0               01 
     1         1554     1554   32 OpenPseudo       6   17    4               00 
     1     58205590 58205590   33 SorterSort       5   67    0               00 
 42843       792060       18   34 SorterData       5   17    6               00 
 42843      1831438       42   35 Column           6    0   13               00 
 42843      1617162       37   36 Column           6    1   14               00 
 42843      1250744       29   37 Column           6    2   15               00 
 42843      3306682       77   38 Compare         10   13    3 k(3,B,B,B)    00 
 42843       791630       18   39 Jump            40   44   40               00 
   600        31412       52   40 Move            13   10    3               00 
   600        11356       18   41 Gosub            8   56    0               00 
   600        11162       18   42 IfPos            7   67    0               00 
   600        11230       18   43 Gosub            9   64    0               00 
 42843      1507556       35   44 Column           6    3   27               00 
 42843       910100       21   45 AggStep1         0   27    4 sum(1)        01 
 42843       793832       18   46 If               6   50    0               00 
   600        14784       24   47 Column           6    0    1               00 
   600        26010       43   48 Column           6    1    2               00 
   600        11396       18   49 Column           6    2    3               00 
 42843       790354       18   50 Integer          1    6    0               00 
 42843       793114       18   51 SorterNext       5   34    0               00 
     1           34       34   52 Gosub            8   56    0               00 
     1           32       32   53 Goto             0   67    0               00 
     0            0        0   54 Integer          1    7    0               00 
     0            0        0   55 Return           8    0    0               00 
   601        11666       19   56 IfPos            6   58    0               00 
     1          232      232   57 Return           8    0    0               00 
   600        20918       34   58 AggFinal         4    1    0 sum(1)        00 
   600        58754       97   59 Copy             1   30    1               00 
   600        18424       30   60 Copy             3   28    1               00 
   600        52304       87   61 MakeRecord      28    4   34               00 
   600        25816       43   62 SorterInsert     4   34   28 4             00 
   600        11206       18   63 Return           8    0    0               00 
   601        12148       20   64 Null             0    1    5               00 
   601        11400       18   65 Integer          0    6    0               00 
   601        11346       18   66 Return           9    0    0               00 
     1          642      642   67 OpenPseudo       7   35    7               00 
     1       261392   261392   68 SorterSort       4   76    0               00 
   600        17386       28   69 SorterData       4   35    7               00 
   600        44026       73   70 Column           7    1   33               00 
   600        44082       73   71 Column           7    0   32               00 
   600        42576       70   72 Column           7    3   31               00 
   600        23592       39   73 Column           7    2   30               00 
     0            0        0   74 ResultRow       30    4    0               00 
   600        23302       38   75 SorterNext       4   69    0               00 
     0            0        0   76 Halt             0    0    0               00 
     1       114646   114646   77 Transaction      0    0    6 0             01 
     1         1088     1088   78 String          13   18    0 UNITED STATES 00 
     1          632      632   79 Integer       1992   21    0               00 
     1           68       68   80 Integer       1997   22    0               00 
     1          230      230   81 Goto             0    1    0               00
