     1         1108     1108    0 Init             1   81    0               00 
     1         8456     8456    1 SorterOpen       4    7    0 k(2,B,-B)     00 
     1         1726     1726    2 SorterOpen       5    4    0 k(3,B,B,B)    00 
     1          160      160    3 Integer          0    7    0               00 
     1          256      256    4 Null             0   10   12               00 
     1          650      650    5 Gosub            9   68    0               00 
     1         1794     1794    6 OpenRead         1    6    0 13            00 
     1          572      572    7 OpenRead         0    4    0 4             00 
     1          646      646    8 OpenRead         2    3    0 4             00 
     1          498      498    9 OpenRead         3    5    0 5             00 
     1         9424     9424   10 Rewind           1   36    0               00 
29999810   4267222130      142   11 Column           1    2   16               00 
29999810   8122539116      270   12 SeekRowid        0   35   16               00 
29999810   1740721530       58   13 Column           0    3   17               00 
29999810   1146695394       38   14 Eq              18   17   17 BINARY-8      42 
29888617    710026316       23   15 Column           0    3   17               00 
29888617   1104483266       36   16 Ne              19   35   17 BINARY-8      52 
233662      7988622       34   17 Column           1    4   20               00 
233662    224514626      960   18 SeekRowid        2   35   20               00 
233662     16164540       69   19 Column           2    3   17               00 
233662      9360510       40   20 Eq              18   23   17 BINARY-8      42 
232777      5430710       23   21 Column           2    3   17               00 
232777      9003786       38   22 Ne              19   35   17 BINARY-8      52 
  1742       106730       61   23 Column           1    5   21               00 
  1742      4503392     2585   24 SeekRowid        3   35   21               00 
  1742       177002      101   25 Column           3    4   17               00 
  1742        61006       35   26 Lt              22   35   17 BINARY-8      54 
  1742        34556       19   27 Column           3    4   17               00 
  1742        88246       50   28 Gt              23   35   17 BINARY-8      54 
  1597        43068       26   29 Column           0    3   24               00 
  1597        44652       27   30 Column           2    3   25               00 
  1597        35052       21   31 Column           3    4   26               00 
  1597       100832       63   32 Column           1   12   27               00 
  1597       439376      275   33 MakeRecord      24    4   17               00 
  1597       224240      140   34 SorterInsert     5   17    0               00 
29999810    636185294       21   35 Next             1   11    0               01 
     1         2158     2158   36 OpenPseudo       6   17    4               00 
     1      1587290  1587290   37 SorterSort       5   71    0               00 
  1597        30074       18   38 SorterData       5   17    6               00 
  1597        68298       42   39 Column           6    0   13               00 
  1597        60066       37   40 Column           6    1   14               00 
  1597        45884       28   41 Column           6    2   15               00 
  1597       119012       74   42 Compare         10   13    3 k(3,B,B,B)    00 
  1597        30048       18   43 Jump            44   48   44               00 
    24         2314       96   44 Move            13   10    3               00 
    24          484       20   45 Gosub            8   60    0               00 
    24          520       21   46 IfPos            7   71    0               00 
    24          490       20   47 Gosub            9   68    0               00 
  1597        54776       34   48 Column           6    3   28               00 
  1597        35850       22   49 AggStep1         0   28    4 sum(1)        01 
  1597        29880       18   50 If               6   54    0               00 
    24          756       31   51 Column           6    0    1               00 
    24          956       39   52 Column           6    1    2               00 
    24          522       21   53 Column           6    2    3               00 
  1597        29294       18   54 Integer          1    6    0               00 
  1597        29832       18   55 SorterNext       5   38    0               00 
     1           36       36   56 Gosub            8   60    0               00 
     1           28       28   57 Goto             0   71    0               00 
     0            0        0   58 Integer          1    7    0               00 
     0            0        0   59 Return           8    0    0               00 
    25         1000       40   60 IfPos            6   62    0               00 
     1          968      968   61 Return           8    0    0               00 
    24         1990       82   62 AggFinal         4    1    0 sum(1)        00 
    24         3598      149   63 Copy             1   31    1               00 
    24         1168       48   64 Copy             3   29    1               00 
    24         3030      126   65 MakeRecord      29    4   35               00 
    24         1718       71   66 SorterInsert     4   35   29 4             00 
    24          460       19   67 Return           8    0    0               00 
    25         2246       89   68 Null             0    1    5               00 
    25          754       30   69 Integer          0    6    0               00 
    25          752       30   70 Return           9    0    0               00 
     1          276      276   71 OpenPseudo       7   36    7               00 
     1         6926     6926   72 SorterSort       4   80    0               00 
    24          688       28   73 SorterData       4   36    7               00 
    24         1254       52   74 Column           7    1   34               00 
    24          526       21   75 Column           7    0   33               00 
    24         1222       50   76 Column           7    3   32               00 
    24          702       29   77 Column           7    2   31               00 
     0            0        0   78 ResultRow       31    4    0               00 
    24          964       40   79 SorterNext       4   73    0               00 
     0            0        0   80 Halt             0    0    0               00 
     1       118866   118866   81 Transaction      0    0    6 0             01 
     1         1176     1176   82 String          10   18    0 UNITED KI1    00 
     1          192      192   83 String          10   19    0 UNITED KI5    00 
     1          640      640   84 Integer       1992   22    0               00 
     1           72       72   85 Integer       1997   23    0               00 
     1          230      230   86 Goto             0    1    0               00
