     1          828      828    0 Init             1   79    0               00 
     1         7846     7846    1 SorterOpen       4    7    0 k(2,B,-B)     00 
     1         1456     1456    2 SorterOpen       5    4    0 k(3,B,B,B)    00 
     1          444      444    3 Integer          0    7    0               00 
     1          264      264    4 Null             0   10   12               00 
     1          520      520    5 Gosub            9   66    0               00 
     1         1664     1664    6 OpenRead         1    6    0 13            00 
     1          616      616    7 OpenRead         0    4    0 4             00 
     1          558      558    8 OpenRead         2    3    0 4             00 
     1          320      320    9 OpenRead         3    5    0 7             00 
     1         8820     8820   10 Rewind           1   34    0               00 
29999810   4296523502      143   11 Column           1    2   16               00 
29999810   8126958102      270   12 SeekRowid        0   33   16               00 
29999810   1753587968       58   13 Column           0    3   17               00 
29999810   1145400696       38   14 Eq              18   17   17 BINARY-8      42 
29888617    690958608       23   15 Column           0    3   17               00 
29888617   1123712826       37   16 Ne              19   33   17 BINARY-8      52 
233662      8101008       34   17 Column           1    4   20               00 
233662    224063554      958   18 SeekRowid        2   33   20               00 
233662     15866086       67   19 Column           2    3   17               00 
233662      9366906       40   20 Eq              18   23   17 BINARY-8      42 
232777      5392182       23   21 Column           2    3   17               00 
232777      9224624       39   22 Ne              19   33   17 BINARY-8      52 
  1742       107200       61   23 Column           1    5   21               00 
  1742      4520846     2595   24 SeekRowid        3   33   21               00 
  1742       269602      154   25 Column           3    6   17               00 
  1742       316798      181   26 Ne              22   33   17 BINARY-8      52 
    24         1878       78   27 Column           0    3   23               00 
    24         1804       75   28 Column           2    3   24               00 
    24         1150       47   29 Column           3    4   25               00 
    24         3984      166   30 Column           1   12   26               00 
    24        24074     1003   31 MakeRecord      23    4   17               00 
    24        20020      834   32 SorterInsert     5   17    0               00 
29999810    637811274       21   33 Next             1   11    0               01 
     1         1530     1530   34 OpenPseudo       6   17    4               00 
     1        19478    19478   35 SorterSort       5   69    0               00 
    24         1360       56   36 SorterData       5   17    6               00 
    24         2340       97   37 Column           6    0   13               00 
    24         1414       58   38 Column           6    1   14               00 
    24          844       35   39 Column           6    2   15               00 
    24         2868      119   40 Compare         10   13    3 k(3,B,B,B)    00 
    24          962       40   41 Jump            42   46   42               00 
     4         1452      363   42 Move            13   10    3               00 
     4           98       24   43 Gosub            8   58    0               00 
     4          128       32   44 IfPos            7   69    0               00 
     4           90       22   45 Gosub            9   66    0               00 
    24         1466       61   46 Column           6    3   27               00 
    24         3608      150   47 AggStep1         0   27    4 sum(1)        01 
    24          768       32   48 If               6   52    0               00 
     4          236       59   49 Column           6    0    1               00 
     4          272       68   50 Column           6    1    2               00 
     4          154       38   51 Column           6    2    3               00 
    24          500       20   52 Integer          1    6    0               00 
    24          872       36   53 SorterNext       5   36    0               00 
     1           34       34   54 Gosub            8   58    0               00 
     1           34       34   55 Goto             0   69    0               00 
     0            0        0   56 Integer          1    7    0               00 
     0            0        0   57 Return           8    0    0               00 
     5          586      117   58 IfPos            6   60    0               00 
     1          236      236   59 Return           8    0    0               00 
     4         1404      351   60 AggFinal         4    1    0 sum(1)        00 
     4         1664      416   61 Copy             1   30    1               00 
     4          326       81   62 Copy             3   28    1               00 
     4         1628      407   63 MakeRecord      28    4   34               00 
     4          856      214   64 SorterInsert     4   34   28 4             00 
     4           96       24   65 Return           8    0    0               00 
     5          976      195   66 Null             0    1    5               00 
     5          230       46   67 Integer          0    6    0               00 
     5          356       71   68 Return           9    0    0               00 
     1           64       64   69 OpenPseudo       7   35    7               00 
     1         2284     2284   70 SorterSort       4   78    0               00 
     4          308       77   71 SorterData       4   35    7               00 
     4          462      115   72 Column           7    1   33               00 
     4          126       31   73 Column           7    0   32               00 
     4          508      127   74 Column           7    3   31               00 
     4          196       49   75 Column           7    2   30               00 
     0            0        0   76 ResultRow       30    4    0               00 
     4          392       98   77 SorterNext       4   71    0               00 
     0            0        0   78 Halt             0    0    0               00 
     1       111936   111936   79 Transaction      0    0    6 0             01 
     1         1522     1522   80 String          10   18    0 UNITED KI1    00 
     1          190      190   81 String          10   19    0 UNITED KI5    00 
     1           68       68   82 String           7   22    0 Dec1997       00 
     1          298      298   83 Goto             0    1    0               00
