     1         1142     1142    0 Init             1   69    0               00 
     1          112      112    1 Noop             5    6    0               00 
     1         7598     7598    2 SorterOpen       6    4    0 k(2,B,B)      00 
     1          444      444    3 Integer          0    7    0               00 
     1          186      186    4 Null             0   10   11               00 
     1          570      570    5 Gosub            9   65    0               00 
     1         1438     1438    6 OpenRead         4    6    0 14            00 
     1          526      526    7 OpenRead         1    4    0 6             00 
     1          468      468    8 OpenRead         2    3    0 6             00 
     1          584      584    9 OpenRead         0    5    0 5             00 
     1          444      444   10 OpenRead         3    2    0 3             00 
     1         8948     8948   11 Rewind           4   35    0               00 
29999810   4912878352      163   12 Column           4    2   14               00 
29999810   8863790806      295   13 SeekRowid        1   34   14               00 
29999810   2202197978       73   14 Column           1    5   15               00 
29999810   1373934154       45   15 Ne              16   34   15 BINARY-8      52 
5984970    204034098       34   16 Column           4    4   17               00 
5984970   3623461500      605   17 SeekRowid        2   34   17               00 
5984970    517185496       86   18 Column           2    5   15               00 
5984970    289228502       48   19 Ne              16   34   15 BINARY-8      52 
1220177     54129194       44   20 Column           4    5   18               00 
1220177    577975724      473   21 SeekRowid        0   34   18               00 
1220177     28141570       23   22 Column           4    3   19               00 
1220177   2538131734     2080   23 SeekRowid        3   34   19               00 
1220177    128318788      105   24 Column           3    2   15               00 
1220177     82081806       67   25 Eq              20   28   15 BINARY-8      42 
974540     22702380       23   26 Column           3    2   15               00 
974540     46960104       48   27 Ne              21   34   15 BINARY-8      52 
488778     36876870       75   28 Column           0    4   22               00 
488778     18838514       38   29 Column           1    4   23               00 
488778     28626902       58   30 Column           4   12   24               00 
488778     14688868       30   31 Column           4   13   25               00 
488778     45867316       93   32 MakeRecord      22    4   15               00 
488778     43382490       88   33 SorterInsert     6   15    0               00 
29999810    647556468       21   34 Next             4   12    0               01 
     1         1332     1332   35 OpenPseudo       7   15    4               00 
     1    621943114 621943114   36 SorterSort       6   68    0               00 
488778     10017246       20   37 SorterData       6   15    7               00 
488778     18232052       37   38 Column           7    0   12               00 
488778     19322006       39   39 Column           7    1   13               00 
488778     23170696       47   40 Compare         10   12    2 k(2,B,B)      00 
488778      9221284       18   41 Jump            42   46   42               00 
    35         6380      182   42 Move            12   10    2               00 
    35         1138       32   43 Gosub            8   59    0               00 
    35          786       22   44 IfPos            7   68    0               00 
    35          848       24   45 Gosub            9   65    0               00 
488778     16329610       33   46 Column           7    2   27               00 
488778     15854080       32   47 Column           7    3   28               00 
488778      9668676       19   48 Subtract        28   27   26               00 
488778     10188404       20   49 AggStep1         0   26    3 sum(1)        01 
488778      9322138       19   50 If               6   53    0               00 
    35         1392       39   51 Column           7    0    1               00 
    35         2614       74   52 Column           7    1    2               00 
488778      9179024       18   53 Integer          1    6    0               00 
488778      9298142       19   54 SorterNext       6   37    0               00 
     1           92       92   55 Gosub            8   59    0               00 
     1          104      104   56 Goto             0   68    0               00 
     0            0        0   57 Integer          1    7    0               00 
     0            0        0   58 Return           8    0    0               00 
    36         1456       40   59 IfPos            6   61    0               00 
     1          250      250   60 Return           8    0    0               00 
    35        13402      382   61 AggFinal         3    1    0 sum(1)        00 
    35        14120      403   62 Copy             1   29    2               00 
     0            0        0   63 ResultRow       29    3    0               00 
    35         6678      190   64 Return           8    0    0               00 
    36         2610       72   65 Null             0    1    5               00 
    36          986       27   66 Integer          0    6    0               00 
    36         1106       30   67 Return           9    0    0               00 
     0            0        0   68 Halt             0    0    0               00 
     1       114208   114208   69 Transaction      0    0    6 0             01 
     1         1556     1556   70 String           7   16    0 AMERICA       00 
     1          242      242   71 String           6   20    0 MFGR#1        00 
     1          198      198   72 String           6   21    0 MFGR#2        00 
     1          402      402   73 Goto             0    1    0               00
