     1         1114     1114    0 Init             1   76    0               00 
     1           92       92    1 Noop             5    8    0               00 
     1         8164     8164    2 SorterOpen       6    5    0 k(3,B,B,B)    00 
     1          152      152    3 Integer          0    8    0               00 
     1          256      256    4 Null             0   11   13               00 
     1          486      486    5 Gosub           10   72    0               00 
     1         1506     1506    6 OpenRead         4    6    0 14            00 
     1          496      496    7 OpenRead         0    5    0 5             00 
     1          538      538    8 OpenRead         2    3    0 6             00 
     1          490      490    9 OpenRead         1    4    0 6             00 
     1          352      352   10 OpenRead         3    2    0 4             00 
     1         9196     9196   11 Rewind           4   40    0               00 
29999810   4520543564      150   12 Column           4    5   17               00 
29999810   4169338704      138   13 SeekRowid        0   39   17               00 
29999810   1703313302       56   14 Column           0    4   18               00 
29999810    635916108       21   15 Eq              19   18   18 BINARY-8      44 
25451394    475151034       18   16 Column           0    4   18               00 
25451394    469250360       18   17 Ne              20   39   18 BINARY-8      54 
7217725    137795806       19   18 Column           4    4   21               00 
7217725   3896710198      539   19 SeekRowid        2   39   21               00 
7217725    611197798       84   20 Column           2    5   18               00 
7217725    349222048       48   21 Ne              22   39   18 BINARY-8      52 
1472812     37489764       25   22 Column           4    2   23               00 
1472812   1407576504      955   23 SeekRowid        1   39   23               00 
1472812    126719470       86   24 Column           1    5   18               00 
1472812     70210342       47   25 Ne              22   39   18 BINARY-8      52 
294368      6609312       22   26 Column           4    3   24               00 
294368    658427092     2236   27 SeekRowid        3   39   24               00 
294368     28208128       95   28 Column           3    2   18               00 
294368     20653106       70   29 Eq              25   32   18 BINARY-8      42 
235324      5607904       23   30 Column           3    2   18               00 
235324     11380102       48   31 Ne              26   39   18 BINARY-8      52 
117874      4432110       37   32 Column           0    4   27               00 
117874      5698720       48   33 Column           2    4   28               00 
117874      4319522       36   34 Column           3    3   29               00 
117874      6763834       57   35 Column           4   12   30               00 
117874      3468912       29   36 Column           4   13   31               00 
117874     15333802      130   37 MakeRecord      27    5   18               00 
117874      6385320       54   38 SorterInsert     6   18    0               00 
29999810    625200522       20   39 Next             4   12    0               01 
     1         1604     1604   40 OpenPseudo       7   18    5               00 
     1    198931492 198931492   41 SorterSort       6   75    0               00 
117874      2326014       19   42 SorterData       6   18    7               00 
117874      4542698       38   43 Column           7    0   14               00 
117874      4863200       41   44 Column           7    1   15               00 
117874      4553310       38   45 Column           7    2   16               00 
117874      9043188       76   46 Compare         11   14    3 k(3,B,B,B)    00 
117874      2315866       19   47 Jump            48   52   48               00 
   100        10160      101   48 Move            14   11    3               00 
   100         2436       24   49 Gosub            9   66    0               00 
   100         2078       20   50 IfPos            8   75    0               00 
   100         2044       20   51 Gosub           10   72    0               00 
117874      4073250       34   52 Column           7    3   33               00 
117874      3913886       33   53 Column           7    4   34               00 
117874      2383560       20   54 Subtract        34   33   32               00 
117874      2556468       21   55 AggStep1         0   32    4 sum(1)        01 
117874      2333578       19   56 If               7   60    0               00 
   100         2226       22   57 Column           7    0    1               00 
   100         4888       48   58 Column           7    1    2               00 
   100         3812       38   59 Column           7    2    3               00 
117874      2313850       19   60 Integer          1    7    0               00 
117874      2319598       19   61 SorterNext       6   42    0               00 
     1           36       36   62 Gosub            9   66    0               00 
     1           44       44   63 Goto             0   75    0               00 
     0            0        0   64 Integer          1    8    0               00 
     0            0        0   65 Return           9    0    0               00 
   101         2708       26   66 IfPos            7   68    0               00 
     1          252      252   67 Return           9    0    0               00 
   100        10412      104   68 AggFinal         4    1    0 sum(1)        00 
   100        17124      171   69 Copy             1   35    3               00 
     0            0        0   70 ResultRow       35    4    0               00 
   100         3936       39   71 Return           9    0    0               00 
   101         3274       32   72 Null             0    1    6               00 
   101         2080       20   73 Integer          0    7    0               00 
   101         2264       22   74 Return          10    0    0               00 
     0            0        0   75 Halt             0    0    0               00 
     1       115698   115698   76 Transaction      0    0    6 0             01 
     1          520      520   77 Integer       1997   19    0               00 
     1          154      154   78 Integer       1998   20    0               00 
     1         1988     1988   79 String           7   22    0 AMERICA       00 
     1          230      230   80 String           6   25    0 MFGR#1        00 
     1           70       70   81 String           6   26    0 MFGR#2        00 
     1          232      232   82 Goto             0    1    0               00
