     1         1092     1092    0 Init             1   74    0               00 
     1          116      116    1 Noop             5    8    0               00 
     1         7656     7656    2 SorterOpen       6    5    0 k(3,B,B,B)    00 
     1          156      156    3 Integer          0    8    0               00 
     1          264      264    4 Null             0   11   13               00 
     1          498      498    5 Gosub           10   70    0               00 
     1         1728     1728    6 OpenRead         4    6    0 14            00 
     1          538      538    7 OpenRead         0    5    0 5             00 
     1          462      462    8 OpenRead         2    3    0 5             00 
     1          630      630    9 OpenRead         1    4    0 6             00 
     1          770      770   10 OpenRead         3    2    0 5             00 
     1         8566     8566   11 Rewind           4   38    0               00 
29999810   4360079156      145   12 Column           4    5   17               00 
29999810   4108732562      136   13 SeekRowid        0   37   17               00 
29999810   1679951118       55   14 Column           0    4   18               00 
29999810    637358902       21   15 Eq              19   18   18 BINARY-8      44 
25451394    475037128       18   16 Column           0    4   18               00 
25451394    469186260       18   17 Ne              20   37   18 BINARY-8      54 
7217725    137796318       19   18 Column           4    4   21               00 
7217725   3758982688      520   19 SeekRowid        2   37   21               00 
7217725    590634560       81   20 Column           2    4   18               00 
7217725    299235752       41   21 Ne              22   37   18 BINARY-8      52 
284535      8049650       28   22 Column           4    2   23               00 
284535    447979968     1574   23 SeekRowid        1   37   23               00 
284535     26633258       93   24 Column           1    5   18               00 
284535     17090770       60   25 Ne              24   37   18 BINARY-8      52 
 57068      1344844       23   26 Column           4    3   25               00 
 57068    145362704     2547   27 SeekRowid        3   37   25               00 
 57068      5802248      101   28 Column           3    3   18               00 
 57068      3597818       63   29 Ne              26   37   18 BINARY-8      52 
  2288       124628       54   30 Column           0    4   27               00 
  2288        97918       42   31 Column           2    3   28               00 
  2288        96874       42   32 Column           3    4   29               00 
  2288       137662       60   33 Column           4   12   30               00 
  2288        68820       30   34 Column           4   13   31               00 
  2288       437626      191   35 MakeRecord      27    5   18               00 
  2288       347240      151   36 SorterInsert     6   18    0               00 
29999810    626100988       20   37 Next             4   12    0               01 
     1         1474     1474   38 OpenPseudo       7   18    5               00 
     1      2673586  2673586   39 SorterSort       6   73    0               00 
  2288        80434       35   40 SorterData       6   18    7               00 
  2288       162478       71   41 Column           7    0   14               00 
  2288       196162       85   42 Column           7    1   15               00 
  2288       213230       93   43 Column           7    2   16               00 
  2288       379906      166   44 Compare         11   14    3 k(3,B,B,B)    00 
  2288        47762       20   45 Jump            46   50   46               00 
   742        61446       82   46 Move            14   11    3               00 
   742        16532       22   47 Gosub            9   64    0               00 
   742        14902       20   48 IfPos            8   73    0               00 
   742        15138       20   49 Gosub           10   70    0               00 
  2288       193516       84   50 Column           7    3   33               00 
  2288       164762       72   51 Column           7    4   34               00 
  2288        79540       34   52 Subtract        34   33   32               00 
  2288       160200       70   53 AggStep1         0   32    4 sum(1)        01 
  2288        58620       25   54 If               7   58    0               00 
   742        31898       42   55 Column           7    0    1               00 
   742        37360       50   56 Column           7    1    2               00 
   742        70938       95   57 Column           7    2    3               00 
  2288        48878       21   58 Integer          1    7    0               00 
  2288        69162       30   59 SorterNext       6   40    0               00 
     1           54       54   60 Gosub            9   64    0               00 
     1           56       56   61 Goto             0   73    0               00 
     0            0        0   62 Integer          1    8    0               00 
     0            0        0   63 Return           9    0    0               00 
   743        16542       22   64 IfPos            7   66    0               00 
     1          232      232   65 Return           9    0    0               00 
   742        38092       51   66 AggFinal         4    1    0 sum(1)        00 
   742       160912      216   67 Copy             1   35    3               00 
     0            0        0   68 ResultRow       35    4    0               00 
   742        17010       22   69 Return           9    0    0               00 
   743        40706       54   70 Null             0    1    6               00 
   743        16190       21   71 Integer          0    7    0               00 
   743        15374       20   72 Return          10    0    0               00 
     0            0        0   73 Halt             0    0    0               00 
     1       118252   118252   74 Transaction      0    0    6 0             01 
     1          768      768   75 Integer       1997   19    0               00 
     1           72       72   76 Integer       1998   20    0               00 
     1         1194     1194   77 String          13   22    0 UNITED STATES 00 
     1          294      294   78 String           7   24    0 AMERICA       00 
     1           80       80   79 String           7   26    0 MFGR#14       00 
     1          232      232   80 Goto             0    1    0               00
