     1          704      704    0 Init             1   11    0               00
     1          644      644    1 Null             0    1    2               00
     1         1908     1908    2 OpenRead         0 695407    0 1             00
     1         5182     5182    3 Rewind           0    7    0               00
29999810   1757125700       58    4 Column           0    0    3               00
29999810    630448426       21    5 AggStep1         0    3    1 sum(1)        01
29999810    584738944       19    6 Next             0    4    0               01
     1          946      946    7 AggFinal         1    1    0 sum(1)        00
     1          742      742    8 Copy             1    4    0               00
     0            0        0    9 ResultRow        4    1    0               00
     0            0        0   10 Halt             0    0    0               00
     1        98014    98014   11 Transaction      0    0    7 0             01
     1          324      324   12 Goto             0    1    0               00
