     1          880      880    0 Init             1   11    0               00
     1          604      604    1 Null             0    1    2               00
     1         2062     2062    2 OpenRead         0 783414    0 1             00
     1         6912     6912    3 Rewind           0    7    0               00
29999810   2360004756       78    4 Column           0    0    3               00
29999810    650701462       21    5 AggStep1         0    3    1 sum(1)        01
29999810    644599890       21    6 Next             0    4    0               01
     1         1516     1516    7 AggFinal         1    1    0 sum(1)        00
     1          460      460    8 Copy             1    4    0               00
     0            0        0    9 ResultRow        4    1    0               00
     0            0        0   10 Halt             0    0    0               00
     1       107128   107128   11 Transaction      0    0    8 0             01
     1          222      222   12 Goto             0    1    0               00
