     1         1020     1020    0 Init             1   11    0               00
     1          672      672    1 Null             0    1    2               00
     1         3164     3164    2 OpenRead         0    6    0 13            00
     1         9448     9448    3 Rewind           0    7    0               00
29999810   4618995768      153    4 Column           0   12    3               00
29999810    600964372       20    5 AggStep1         0    3    1 sum(1)        01
29999810    622520444       20    6 Next             0    4    0               01
     1         1098     1098    7 AggFinal         1    1    0 sum(1)        00
     1          884      884    8 Copy             1    4    0               00
     0            0        0    9 ResultRow        4    1    0               00
     0            0        0   10 Halt             0    0    0               00
     1       108134   108134   11 Transaction      0    0    6 0             01
     1          324      324   12 Goto             0    1    0               00
